name: pollhouse27
channels:
- defaults
- conda-forge
dependencies:
- backports.shutil_get_terminal_size=1.0.0=py27_1
- backports_abc=0.5=py27_0
- bzip2=1.0.6=vc9_1
- ca-certificates=2017.7.27.1=0
- certifi=2017.7.27.1=py27_0
- click=6.7=py27_0
- click-plugins=1.0.3=py27_0
- cligj=0.4.0=py27_0
- colorama=0.3.9=py27_0
- curl=7.49.1=vc9_2
- cycler=0.10.0=py27_0
- decorator=4.1.2=py27_0
- enum34=1.1.6=py27_1
- expat=2.2.1=vc9_0
- fiona=1.7.7=np111py27_0
- freetype=2.7=vc9_1
- freexl=1.0.2=vc9_2
- functools32=3.2.3.2=py27_1
- fuzzywuzzy=0.15.1=py27_0
- gdal=2.2.1=np111py27_vc9_0
- geopy=1.11.0=py27_0
- geos=3.5.1=vc9_1
- hdf4=4.2.12=vc9_0
- hdf5=1.8.18=vc9_0
- icu=58.1=vc9_1
- ipython=5.4.1=py27_0
- ipython_genutils=0.2.0=py27_0
- jpeg=9b=vc9_0
- kealib=1.4.7=vc9_2
- krb5=1.14.2=vc9_0
- libgdal=2.2.1=vc9_2
- libiconv=1.14=vc9_4
- libnetcdf=4.4.1.1=vc9_5
- libpng=1.6.28=vc9_0
- libpq=9.6.3=vc9_0
- libspatialite=4.3.0a=vc9_15
- libtiff=4.0.6=vc9_7
- libxml2=2.9.3=vc9_9
- matplotlib=2.0.0=np111py27_2
- munch=2.2.0=py27_0
- openjpeg=2.1.2=vc9_3
- openssl=1.0.2l=vc9_0
- path.py=8.2.1=py27_0
- pathlib2=2.3.0=py27_0
- patsy=0.4.1=py27_0
- pickleshare=0.7.3=py27_0
- pip=9.0.1=py27_0
- proj4=4.9.3=vc9_4
- prompt_toolkit=1.0.15=py27_0
- pygments=2.2.0=py27_0
- pyparsing=2.2.0=py27_0
- pyproj=1.9.5.1=py27_0
- pyshp=1.2.11=py27_0
- pytables=3.4.2=np111py27_1
- python=2.7.13=1
- python-dateutil=2.6.1=py27_0
- python-levenshtein=0.12.0=py27_0
- pytz=2017.2=py27_0
- qt=4.8.7=vc9_6
- scandir=1.5=py27_1
- setuptools=36.2.2=py27_0
- shapely=1.5.17=py27_4
- simplegeneric=0.8.1=py27_0
- singledispatch=3.4.0.3=py27_0
- sip=4.18=py27_1
- six=1.10.0=py27_1
- sqlalchemy=1.1.11=py27_0
- sqlite=3.13.0=vc9_1
- ssl_match_hostname=3.5.0.1=py27_1
- subprocess32=3.2.7=py27_0
- tk=8.6.6=vc9_5
- tornado=4.5.1=py27_0
- traitlets=4.3.2=py27_0
- vc=9=0
- vs2015_runtime=14.0.25420=0
- wcwidth=0.1.7=py27_0
- wheel=0.29.0=py27_0
- win_unicode_console=0.5=py27_0
- wincertstore=0.2=py27_0
- xerces-c=3.1.4=vc9_3
- xz=5.2.2=0
- zlib=1.2.11=vc9_0
- backports=1.0=py27_0
- basemap=1.0.7=np111py27_0
- get_terminal_size=1.0.0=py27_0
- mkl=2017.0.3=0
- numexpr=2.6.2=np111py27_0
- numpy=1.11.3=py27_0
- pandas=0.18.1=np111py27_0
- pyqt=4.11.4=py27_7
- scipy=0.19.0=np111py27_0
- vs2008_runtime=9.00.30729.5054=0
- pip:
  - backports-abc==0.5
  - backports.shutil-get-terminal-size==1.0.0
  - backports.ssl-match-hostname==3.5.0.1
  - econtools (c:\users\sullivan\proj\econtools)==0.0.1
  - ipython-genutils==0.2.0
  - prompt-toolkit==1.0.15
  - simpledbf==0.2.6
  - tables==3.4.2
  - win-unicode-console==0.5
prefix: C:\Anaconda\envs\pollhouse27
